[0.4, 0.4, 0.4, 0.4, 0.4]
[0.125, 0.125, 0.125, 0.125, 0.125]
[0.075, 0.075, 0.075, 0.075, 0.075]
[0.075, 0.075, 0.075, 0.075, 0.075]
[0.075, 0.075, 0.075, 0.075, 0.075]
[0.075, 0.075, 0.075, 0.075, 0.075]
[0.075, 0.075, 0.075, 0.075, 0.075]
[0.075, 0.075, 0.075, 0.075, 0.075]
[0.075, 0.075, 0.075, 0.075, 0.075]
[0.075, 0.075, 0.075, 0.075, 0.075]
[0.075, 0.075, 0.075, 0.075, 0.075]
[0.075, 0.075, 0.075, 0.075, 0.075]
[0.075, 0.075, 0.075, 0.075, 0.075]
[[0.4, 2], [0.125, 1], [0.075, 0], [0.075, -1], [0.075, -2], [0.075, -3], [0.075, -4], [0.075, -5], [0.075, -6], [0.075, -7], [0.075, -8], [0.075, -9], [0.075, -10]]
